image_width: 640
image_height: 480
camera_name: head_camera
camera_matrix:
  rows: 3
  cols: 3
  data: [651.0165901633604, 0, 321.1244100917691, 0, 639.2808076300659, 208.8492358620557, 0, 0, 1]
distortion_model: plumb_bob
distortion_coefficients:
  rows: 1
  cols: 5
  data: [-0.1211948542083349, -0.06567625089599702, -0.00138631481186111, -0.01063047288902871, 0]
rectification_matrix:
  rows: 3
  cols: 3
  data: [0.9660913193539431, -0.1398521560929294, 0.2170459331688029, 0.1414523118363455, 0.9899108968808874, 0.008225552420964823, -0.2160064956086062, 0.02275501423061918, 0.9761267352051441]
projection_matrix:
  rows: 3
  cols: 4
  data: [783.708105854819, 0, 149.1142263412476, -136.9300309713256, 0, 783.708105854819, 212.0327930450439, 0, 0, 0, 1, 0]