image_width: 640
image_height: 480
camera_name: head_camera
camera_matrix:
  rows: 3
  cols: 3
  data: [608.3358226938574, 0, 315.7289569084241, 0, 596.04355735297, 242.3161350777534, 0, 0, 1]
distortion_model: plumb_bob
distortion_coefficients:
  rows: 1
  cols: 5
  data: [-0.07410152991562177, -0.1729267092082762, 0.003186484675342452, 0.001223571403395356, 0]
rectification_matrix:
  rows: 3
  cols: 3
  data: [0.9685661260713281, -0.1312030247483968, 0.2113419639448156, 0.1296386064097672, 0.9913324402329873, 0.02130316102938768, -0.2123051840048039, 0.00676455753040144, 0.9771799985704294]
projection_matrix:
  rows: 3
  cols: 4
  data: [783.708105854819, 0, 149.1142263412476, 0, 0, 783.708105854819, 212.0327930450439, 0, 0, 0, 1, 0]