image_width: 640
image_height: 480
camera_name: narrow_stereo/right
camera_matrix:
  rows: 3
  cols: 3
  data: [718.844065, 0, 348.011515, 0, 702.887155, 218.832028, 0, 0, 1]
distortion_model: plumb_bob
distortion_coefficients:
  rows: 1
  cols: 5
  data: [-0.05034, -0.06535000000000001, -0.000182, -4.3e-05, 0]
rectification_matrix:
  rows: 3
  cols: 3
  data: [0.974275, -0.109793, 0.196811, 0.109975, 0.993884, 0.010037, -0.196709, 0.011866, 0.98039]
projection_matrix:
  rows: 3
  cols: 4
  data: [853.466248, 0, 189.783207, -204.433408, 0, 853.466248, 215.219957, 0, 0, 0, 1, 0]